-20.189565 -6.316288 -36.899122 
-9.239051 25.777824 10.027485 
-9.459209 49.075064 18.626767 
-20.698580 43.901458 8.342527 
-14.950911 40.704717 6.483130 
3.858780 20.957677 -24.666081 
-22.313381 27.256153 -9.349159 
-17.669964 41.748656 -9.127549 
-3.329739 53.315926 4.202079 
23.773582 -6.908626 -36.008465 
14.483845 25.019309 11.216167 
16.317405 49.047698 19.865278 
28.031066 42.667553 10.449266 
22.143541 40.097436 8.526269 
29.772457 26.012993 -6.319951 
25.948357 41.416276 -6.860185 
13.121883 54.316890 5.145015 
-49.016301 10.089291 3.910918 
-4.388553 51.973699 33.932421 
-28.566725 49.561867 45.823686 
-9.994461 -28.916981 7.558072 
-19.425658 43.374094 -19.668884 
-31.281228 15.370031 -18.301124 
-38.628108 -15.512385 17.576193 
-43.225001 28.798714 -19.224739 
-7.936156 2.921925 13.115492 
-32.555680 -25.534208 -9.223737 
-15.784915 73.109474 2.240296 
-14.318154 -13.325563 -7.964078 
-1.807179 80.712292 2.590577 
-51.335511 30.448198 -10.502529 
-20.159946 21.069699 -15.233957 
-12.905097 11.453718 48.480306 
-40.135940 55.207736 25.616967 
-33.518179 81.459579 7.215730 
-35.338701 71.761229 17.718760 
-16.426572 -24.434798 -1.443082 
-42.158940 20.564253 37.390536 
-7.879877 18.573656 34.905981 
-34.776126 28.783606 42.099833 
-12.543664 -11.052802 24.568946 
-1.978257 77.425291 15.777445 
-23.029284 82.390096 26.693973 
-10.086724 60.104784 47.517324 
-25.370064 -13.734614 32.679752 
-44.116771 36.103355 0.999559 
-48.963238 8.118748 27.192486 
-2.820857 99.987891 4.880367 
-21.179593 62.282685 -18.726667 
-40.730232 26.581640 9.376613 
-28.340398 40.712348 11.199862 
51.036599 5.459132 7.164544 
9.885075 58.688033 33.627850 
33.123760 50.073469 47.533839 
7.929780 -29.761425 7.865888 
27.150599 43.602065 -17.741189 
37.177335 11.576777 -16.673162 
39.126586 -18.377556 18.658612 
52.228711 28.754690 -16.193134 
10.337643 3.017149 14.824568 
31.518263 -28.308603 -9.854809 
26.581892 73.421174 3.810236 
16.348484 -15.055951 -6.854746 
12.708106 82.310772 5.475542 
56.208006 26.111676 -6.662956 
29.971053 23.202677 -12.971840 
11.123824 12.080581 48.240479 
45.201296 54.037358 28.557911 
44.760629 75.327317 8.676545 
45.455195 70.466393 22.685831 
14.335477 -28.535213 -1.902841 
40.019118 16.302839 43.820158 
8.718838 21.950427 36.015371 
35.858294 27.311865 45.672104 
12.619209 -11.482826 24.692740 
10.320445 75.133772 17.581255 
31.582694 83.093000 29.389611 
14.665439 58.967502 49.333571 
20.614886 -19.449703 31.284599 
53.271684 33.635544 4.995764 
47.247468 7.494981 31.918652 
15.893347 101.420614 15.288676 
33.998233 60.967097 -15.879339 
44.930013 23.280486 13.631768 
35.025572 39.866986 12.441181 
