-10.941176 66.078431 3.882353 
-40.724138 -77.551724 25.586207 
37.659574 20.723404 -0.170213 
-22.264463 -7.553719 -21.983471 
60.766917 -46.300752 1.684211 
47.517241 -0.298851 46.528736 
-27.466667 -69.033333 43.033333 
-31.777778 12.949495 -38.585859 
14.277228 -26.910891 5.306931 
2.985915 -67.830986 -26.028169 
-13.115789 2.463158 68.378947 
30.586207 -50.413793 61.758621 
-8.790698 -67.736434 25.333333 
-58.881356 -13.355932 28.983051 
-47.235772 -71.756098 4.162602 
31.355932 44.881356 28.677966 
52.432432 -27.891892 -2.216216 
7.240000 45.000000 11.240000 
46.366972 -62.697248 -36.917431 
15.831776 -74.373832 48.598131 
15.681818 46.272727 42.818182 
-22.400000 -59.623529 -35.670588 
-26.341463 40.000000 -15.658537 
-51.649485 21.298969 8.206186 
19.584906 -94.452830 -8.037736 
-42.827586 -30.413793 15.908046 
29.372549 11.137255 56.823529 
39.333333 -11.696970 5.909091 
9.804878 -72.861789 7.089431 
-23.573034 15.303371 57.123596 
43.095890 14.931507 44.547945 
-60.064516 -17.655914 -10.924731 
-12.825688 -27.577982 4.807339 
-29.282051 -78.752137 -35.316239 
-27.967742 -51.483871 62.225806 
15.221053 0.484211 68.084211 
57.142857 -35.250000 43.821429 
25.319149 38.723404 -16.340426 
-37.079646 -45.539823 48.106195 
-25.462185 -87.310924 24.268908 
13.296000 -63.184000 24.832000 
-7.981982 -38.288288 46.882883 
-12.468085 9.914894 11.659574 
46.765957 -19.276596 47.347518 
26.933333 -32.866667 -12.633333 
-24.618182 -6.327273 0.254545 
-10.731183 59.849462 24.731183 
35.578947 -64.421053 -54.578947 
8.935780 -40.568807 46.385321 
10.897959 60.897959 -16.000000 
-35.371429 -62.542857 -55.342857 
30.545455 14.545455 -38.500000 
-44.991304 -18.521739 44.869565 
-57.030303 -2.484848 -20.424242 
29.886792 29.245283 44.415094 
-9.897436 -81.931624 -34.905983 
-14.873563 45.264368 42.574713 
58.859504 -10.925620 31.570248 
13.636364 10.818182 13.181818 
-18.964286 -21.964286 70.142857 
-44.091743 -47.944954 -43.853211 
-9.178571 -73.285714 5.321429 
-43.821429 42.285714 9.500000 
54.925926 -50.074074 -15.888889 
-58.339623 -19.509434 9.622642 
34.637168 -76.513274 -33.628319 
14.400000 -52.314286 0.285714 
-49.559322 -60.949153 24.338983 
-47.574468 14.085106 -23.617021 
52.880000 24.040000 7.840000 
48.382022 -66.089888 26.651685 
55.760000 2.160000 -22.880000 
0.461538 -34.083916 -13.762238 
-36.636364 -22.181818 -26.318182 
0.526316 -0.766917 55.518797 
33.787879 -29.878788 61.757576 
43.421488 44.677686 9.355372 
12.646154 -9.938462 14.092308 
-18.693878 -94.938776 -10.857143 
33.578947 -9.578947 60.105263 
-11.704348 -41.269565 68.800000 
34.884956 -77.433628 28.637168 
-15.802198 12.329670 -3.692308 
0.575342 -29.452055 32.602740 
-49.185841 5.539823 30.017699 
-57.301587 -52.444444 6.380952 
44.481481 -46.185185 -44.962963 
-30.991736 -7.818182 59.305785 
37.290323 4.387097 7.870968 
-42.962963 -66.518519 43.851852 
-46.251969 1.118110 -8.125984 
-44.357895 38.463158 -11.578947 
46.210526 29.284211 29.221053 
-36.921348 21.370787 -1.842697 
29.955556 -3.511111 -40.577778 
17.030303 -22.323232 71.353535 
1.646018 -29.610619 -43.115044 
-12.524590 -78.459016 44.557377 
30.714286 57.785714 -7.178571 
-61.049180 -34.131148 -2.655738 
38.233010 -85.300971 -5.359223 
-34.127660 -90.553191 3.829787 
-0.247934 28.677686 24.561983 
0.454545 -10.363636 3.545455 
48.782609 4.173913 -7.536232 
15.625000 -73.875000 -48.906250 
-28.000000 28.333333 43.125000 
-16.575758 -72.696970 -51.242424 
59.940594 -31.663366 23.801980 
-41.008264 -12.710744 8.495868 
14.363636 -85.438017 32.330579 
-55.655172 -37.908046 -21.655172 
23.296296 -1.370370 -0.370370 
-1.025210 41.798319 -22.722689 
-55.651376 -30.954128 42.899083 
12.736842 -24.315789 -28.421053 
28.895238 58.609524 11.923810 
-0.554622 -21.596639 65.109244 
-44.928571 24.964286 27.642857 
12.604651 24.604651 58.837209 
-59.818182 -38.429752 22.347107 
-10.969697 60.666667 -14.545455 
47.500000 -68.227273 -9.954545 
-36.909091 -28.937063 60.615385 
32.184615 -67.046154 44.923077 
-43.585586 -65.891892 -36.432432 
-0.173228 42.535433 -5.826772 
-11.766667 -62.333333 60.400000 
-24.503597 -54.978417 -13.323741 
14.481928 19.108434 -19.951807 
36.336634 -20.970297 -26.059406 
16.594595 -82.900901 -33.585586 
10.320000 66.040000 3.640000 
55.408000 -49.168000 21.440000 
-29.813953 -5.069767 -39.534884 
-55.458333 2.166667 9.750000 
12.814815 -96.851852 10.370370 
0.715596 40.642202 36.366972 
60.043478 -11.782609 -11.913043 
-57.187500 -19.625000 -28.062500 
-7.220339 -22.000000 -28.440678 
24.684211 -59.421053 -36.236842 
13.781818 -60.109091 61.600000 
-6.344086 47.161290 12.301075 
-28.205607 54.971963 14.504673 
45.609756 15.073171 -31.463415 
-40.269231 -79.076923 -12.923077 
-0.761905 -48.952381 25.492063 
-53.702128 -49.021277 42.468085 
44.933333 39.866667 -11.047619 
38.315789 -42.701754 48.140351 
62.638655 -19.848739 8.436975 
-3.078261 -87.426087 24.243478 
-14.615385 19.107692 -20.738462 
-31.669565 57.617391 -4.939130 
0.634921 16.190476 38.730159 
-24.606061 -42.666667 -51.212121 
12.486486 -40.414414 69.477477 
-24.716418 -33.731343 -13.761194 
38.163265 -42.285714 -27.306122 
-31.333333 43.372549 29.647059 
-19.751825 -73.620438 -14.510949 
-48.050000 -1.050000 -38.100000 
58.179775 2.629213 12.269663 
1.135802 -54.543210 -41.876543 
26.134454 -39.546218 -46.823529 
35.081967 17.147541 -19.245902 
31.073171 -53.512195 -16.130081 
-31.436893 16.834951 -19.922330 
-52.299213 -57.464567 -13.606299 
47.612903 -2.451613 -40.129032 
-0.897638 -86.283465 -6.236220 
0.400000 -1.031579 38.105263 
31.644444 -88.488889 14.488889 
49.207207 -57.027027 42.846847 
-40.020202 14.565657 47.272727 
-0.780488 21.902439 -13.609756 
48.643478 10.104348 28.939130 
21.078947 -71.500000 -11.815789 
-15.757962 -39.477707 -33.528662 
0.198473 -61.358779 43.206107 
-12.137931 -10.758621 13.517241 
16.520548 -52.904110 -58.986301 
-4.941176 25.450980 55.450980 
-1.731544 -53.409396 -16.241611 
48.519685 -68.362205 8.692913 
1.918367 -18.326531 45.469388 
-37.462185 -45.294118 -25.176471 
14.500000 14.100000 -3.700000 
-10.901961 -55.450980 3.843137 
15.718750 -44.531250 -27.781250 
-11.657658 -99.225225 8.216216 
43.580247 -25.604938 17.185185 
61.959184 -29.591837 -17.020408 
-46.351648 -2.527473 48.219780 
-5.488889 -47.288889 -58.466667 
13.480000 60.400000 24.400000 
-34.187500 7.500000 6.937500 
56.523077 -17.015385 -30.030769 
22.380952 -6.285714 -21.619048 
